{
  "advancedEditorSelectedIdentifier" : "ProjectBrowser",
  "openSceneRelativePaths" : [
    "Scene.usda"
  ],
  "recentIdentifiers" : {
    "90C576A0-F90A-43B8-9998-14918A66F863" : [

    ]
  },
  "sceneCameraHistory" : {
    "90C576A0-F90A-43B8-9998-14918A66F863" : [
      {
        "date" : 711000721.74149406,
        "title" : "Untitled",
        "transform" : [
          -0.74625134468078613,
          -7.1761991904395472e-09,
          0.6656641960144043,
          0,
          0.34055876731872559,
          0.85921931266784668,
          0.3817877471446991,
          0,
          -0.57195144891738892,
          0.51160764694213867,
          -0.64119362831115723,
          0,
          -1.021693229675293,
          1.0320980548858643,
          -1.4186891317367554,
          1
        ]
      },
      {
        "date" : 711000715.96586704,
        "title" : "Untitled",
        "transform" : [
          -0.76629400253295898,
          -7.9524413720832854e-09,
          0.64249002933502197,
          0,
          0.30805379152297974,
          0.87755900621414185,
          0.36741390824317932,
          0,
          -0.56382286548614502,
          0.47946879267692566,
          -0.67246824502944946,
          0,
          -1.0015199184417725,
          0.96706092357635498,
          -1.4776715040206909,
          1
        ]
      },
      {
        "date" : 711000697.18578601,
        "title" : "Untitled",
        "transform" : [
          -0.77141875028610229,
          -8.1750854974416143e-09,
          0.63632780313491821,
          0,
          0.31412279605865479,
          0.86966103315353394,
          0.38081032037734985,
          0,
          -0.55338943004608154,
          0.49364945292472839,
          -0.67087286710739136,
          0,
          -0.9795076847076416,
          0.99575686454772949,
          -1.4733618497848511,
          1
        ]
      },
      {
        "date" : 711000688.73122597,
        "title" : "Untitled",
        "transform" : [
          -0.78471994400024414,
          -6.3548473150376594e-09,
          0.61985045671463013,
          0,
          0.2449517548084259,
          0.91860419511795044,
          0.31010466814041138,
          0,
          -0.5693972110748291,
          0.39517891407012939,
          -0.72084707021713257,
          0,
          -1.009263277053833,
          0.79650890827178955,
          -1.5712171792984009,
          1
        ]
      },
      {
        "date" : 711000686.14113498,
        "title" : "Untitled",
        "transform" : [
          -0.63793039321899414,
          -4.7533106339869846e-09,
          0.77009403705596924,
          0,
          0.35518801212310791,
          0.88728225231170654,
          0.29423061013221741,
          0,
          -0.68329071998596191,
          0.46122696995735168,
          -0.5660243034362793,
          0,
          -1.266573429107666,
          0.93014812469482422,
          -1.2854486703872681,
          1
        ]
      },
      {
        "date" : 711000522.51948094,
        "title" : "Untitled",
        "transform" : [
          -0.90642756223678589,
          -1.2104988122985105e-08,
          0.42236128449440002,
          0,
          0.091278642416000366,
          0.97636789083480835,
          0.19589267671108246,
          0,
          -0.41237995028495789,
          0.21611525118350983,
          -0.88500678539276123,
          0,
          -0.44059470295906067,
          0.28592279553413391,
          -1.2291589975357056,
          1
        ]
      },
      {
        "date" : 711000520.62162495,
        "title" : "Untitled",
        "transform" : [
          -0.90642756223678589,
          -1.2104988122985105e-08,
          0.42236128449440002,
          0,
          0.091278642416000366,
          0.97636789083480835,
          0.19589267671108246,
          0,
          -0.41237995028495789,
          0.21611525118350983,
          -0.88500678539276123,
          0,
          -0.34171855449676514,
          0.22175738215446472,
          -0.95331704616546631,
          1
        ]
      },
      {
        "date" : 711000519.07829499,
        "title" : "Untitled",
        "transform" : [
          -0.90642756223678589,
          -1.2104988122985105e-08,
          0.42236128449440002,
          0,
          0.091278642416000366,
          0.97636789083480835,
          0.19589267671108246,
          0,
          -0.41237995028495789,
          0.21611525118350983,
          -0.88500678539276123,
          0,
          -0.42972502112388611,
          0.27886894345283508,
          -1.198835015296936,
          1
        ]
      },
      {
        "date" : 711000463.95740998,
        "title" : "Untitled",
        "transform" : [
          -0.90642756223678589,
          -1.2104988122985105e-08,
          0.42236128449440002,
          0,
          0.091278642416000366,
          0.97636789083480835,
          0.19589267671108246,
          0,
          -0.41237995028495789,
          0.21611525118350983,
          -0.88500678539276123,
          0,
          -0.78310418128967285,
          0.50819337368011475,
          -2.1846821308135986,
          1
        ]
      },
      {
        "date" : 711000452.13346803,
        "title" : "Untitled",
        "transform" : [
          -0.99406552314758301,
          -1.181847508746614e-08,
          0.10878276824951172,
          0,
          0.027169976383447647,
          0.96830683946609497,
          0.248281329870224,
          0,
          -0.10533507913351059,
          0.24976371228694916,
          -0.96256047487258911,
          0,
          0.48099946975708008,
          0.59100848436355591,
          -2.3575422763824463,
          1
        ]
      }
    ]
  }
}